Block Size (KB)	1	0.1182425097	0.197796046	0.1511847047	0.2634287547	-0.120355681	0.1954258208
Critical Score	0.1182425097	1	-0.035782185	-0.024908748	0.0129014776	-0.499956092	-0.048972675
Total Storage (KB)	0.197796046	-0.035782185	1	0.8953995566	0.4483458047	0.03840176	0.7501316725
Current Available Storage (KB)	0.1511847047	-0.024908748	0.8953995566	1	0.3283667497	0.0272965732	0.5737842942
Blockchain Load (KB)	0.2634287547	0.0129014776	0.4483458047	0.3283667497	1	-0.013652138	0.551253281
Stability Score	-0.120355681	-0.499956092	0.03840176	0.0272965732	-0.013652138	1	0.0494523424
Projected Growth (KB/day)	0.1954258208	-0.048972675	0.7501316725	0.5737842942	0.551253281	0.0494523424	1